   0.0000000e+00   0.0000000e+00   0.0000000e+00   1.7700000e-04
   0.0000000e+00   0.0000000e+00   0.0000000e+00   8.6000000e-05
   0.0000000e+00   0.0000000e+00   0.0000000e+00   7.3200000e-04
   0.0000000e+00   0.0000000e+00   0.0000000e+00   4.8670000e-03
   0.0000000e+00   0.0000000e+00   0.0000000e+00   3.8791000e-02
   0.0000000e+00   0.0000000e+00   0.0000000e+00   3.4556100e-01
   0.0000000e+00   0.0000000e+00   0.0000000e+00   0.0000000e+00
   0.0000000e+00   2.5090000e-03   0.0000000e+00
   0.0000000e+00   2.6820000e-03   0.0000000e+00
   0.0000000e+00   2.8470000e-03   0.0000000e+00
   0.0000000e+00   1.1962000e-02   0.0000000e+00
   0.0000000e+00   1.2461200e-01   0.0000000e+00
   0.0000000e+00   2.2185340e+00   0.0000000e+00
   0.0000000e+00   0.0000000e+00   0.0000000e+00
